Sample data for trained clustering							
1										
2										
3										
4										
5										
6										
7										
8										
9										
10										
POP										
AreaUnknown1,	1717	1010	1717	0404	0505	0606	0808	1010	0707	1212
POP
AreaUnknown2,	1515	1212	1414	0404	0505	0606	1919	1010	0707	1414
POP
AreaUnknown3,	1717	0303	1515	0404	0505	0606	1414	1010	0707	1212
POP										
AreaUnknown4,	1311	1205	1212	0302	0505	0606	1313	1005	0707	1107
POP
AreaUnknown5,	1306	0707	1212	0505	0603	0808	1109	1003	0000	0806
POP
AreaUnknown6,	0909	0606	1212	0404	0606	0808	1717	1001	0909	1308
POP
AreaUnknown7,	1507	1208	1212	0404	0202	0101	1915	1510	0202	0705
POP
AreaUnknown8,	1507	1313	1212	0202	0202	0101	1414	1510	0202	0704
POP
AreaUnknown9,	0907	0907	1212	0404	0202	0101	1908	0000	0202	1507
POP
AreaUnknown10,	1109	1918	1512	0505	0505	0000	1605	0706	0707	0505
